   3.1764706e-01   3.4117647e-01   2.9019608e-01
   2.6666667e-01   4.8627451e-01   4.1176471e-01
   4.5490196e-01   7.6862745e-01   5.7647059e-01
   5.5686275e-01   5.4901961e-01   4.2745098e-01
   8.9411765e-01   7.4901961e-01   5.0196078e-01
   9.1372549e-01   8.4313725e-01   5.5686275e-01
   8.8627451e-01   5.9215686e-01   3.6470588e-01
   9.4509804e-01   5.8823529e-01   4.3921569e-01
   8.8235294e-01   3.9607843e-01   3.2156863e-01
   7.8823529e-01   2.9019608e-01   3.2549020e-01
   7.4509804e-01   3.1764706e-01   4.0784314e-01
   6.3921569e-01   2.8627451e-01   4.5490196e-01
   6.0000000e-01   2.1568627e-01   4.0392157e-01
   3.9607843e-01   2.1960784e-01   4.9019608e-01
   3.0588235e-01   1.4117647e-01   4.4705882e-01
   5.6862745e-01   3.8823529e-01   7.1372549e-01
   8.8627451e-01   4.7450980e-01   6.3921569e-01
   8.7843137e-01   3.4901961e-01   5.4509804e-01
   4.8627451e-01   6.2352941e-01   6.9019608e-01
   3.3725490e-01   5.9607843e-01   7.6862745e-01
   6.0392157e-01   7.4901961e-01   5.3333333e-01
